# pdf: NNPDF31_nlo_pch_as_0118
# Q0: 2 GeV 
# Nrep: 100
# [xmin, xmax, nx]: [10^(-3), 10^(0), 201]
# 	 x 	 gluon(cv) 	 gluon(sd) 
   0.001000 	   4.480675 	   0.523964 
   0.001035 	   4.469876 	   0.508017 
   0.001072 	   4.459158 	   0.492317 
   0.001109 	   4.448559 	   0.476851 
   0.001148 	   4.438007 	   0.461736 
   0.001189 	   4.427432 	   0.447068 
   0.001230 	   4.416761 	   0.432918 
   0.001274 	   4.405923 	   0.419330 
   0.001318 	   4.394844 	   0.406316 
   0.001365 	   4.383546 	   0.393805 
   0.001413 	   4.372113 	   0.381707 
   0.001462 	   4.360537 	   0.370017 
   0.001514 	   4.348815 	   0.358728 
   0.001567 	   4.336941 	   0.347834 
   0.001622 	   4.324907 	   0.337325 
   0.001679 	   4.312710 	   0.327189 
   0.001738 	   4.300334 	   0.317396 
   0.001799 	   4.287767 	   0.307903 
   0.001862 	   4.275029 	   0.298710 
   0.001928 	   4.262142 	   0.289821 
   0.001995 	   4.249129 	   0.281239 
   0.002065 	   4.236011 	   0.272966 
   0.002138 	   4.222809 	   0.264998 
   0.002213 	   4.209540 	   0.257316 
   0.002291 	   4.196191 	   0.249882 
   0.002371 	   4.182747 	   0.242705 
   0.002455 	   4.169195 	   0.235800 
   0.002541 	   4.155519 	   0.229172 
   0.002630 	   4.141707 	   0.222826 
   0.002723 	   4.127745 	   0.216753 
   0.002818 	   4.113619 	   0.210938 
   0.002917 	   4.099336 	   0.205345 
   0.003020 	   4.084905 	   0.199975 
   0.003126 	   4.070337 	   0.194832 
   0.003236 	   4.055640 	   0.189915 
   0.003350 	   4.040825 	   0.185215 
   0.003467 	   4.025900 	   0.180717 
   0.003589 	   4.010873 	   0.176396 
   0.003715 	   3.995721 	   0.172210 
   0.003846 	   3.980441 	   0.168157 
   0.003981 	   3.965044 	   0.164248 
   0.004121 	   3.949542 	   0.160495 
   0.004266 	   3.933944 	   0.156907 
   0.004416 	   3.918260 	   0.153491 
   0.004571 	   3.902502 	   0.150254 
   0.004732 	   3.886668 	   0.147169 
   0.004898 	   3.870749 	   0.144236 
   0.005070 	   3.854740 	   0.141474 
   0.005248 	   3.838637 	   0.138892 
   0.005433 	   3.822434 	   0.136488 
   0.005623 	   3.806127 	   0.134245 
   0.005821 	   3.789710 	   0.132138 
   0.006026 	   3.773202 	   0.130127 
   0.006237 	   3.756616 	   0.128222 
   0.006457 	   3.739934 	   0.126449 
   0.006683 	   3.723139 	   0.124830 
   0.006918 	   3.706213 	   0.123378 
   0.007161 	   3.689140 	   0.122100 
   0.007413 	   3.671902 	   0.120996 
   0.007674 	   3.654488 	   0.120051 
   0.007943 	   3.636906 	   0.119274 
   0.008222 	   3.619173 	   0.118729 
   0.008511 	   3.601302 	   0.118455 
   0.008810 	   3.583310 	   0.118453 
   0.009120 	   3.565211 	   0.118683 
   0.009441 	   3.547021 	   0.119068 
   0.009772 	   3.528752 	   0.119543 
   0.010116 	   3.510403 	   0.120157 
   0.010471 	   3.491957 	   0.120898 
   0.010839 	   3.473398 	   0.121732 
   0.011220 	   3.454712 	   0.122609 
   0.011614 	   3.435882 	   0.123469 
   0.012023 	   3.416892 	   0.124244 
   0.012445 	   3.397744 	   0.124876 
   0.012882 	   3.378509 	   0.125377 
   0.013335 	   3.359164 	   0.125843 
   0.013804 	   3.339668 	   0.126356 
   0.014289 	   3.319982 	   0.126965 
   0.014791 	   3.300065 	   0.127682 
   0.015311 	   3.279877 	   0.128486 
   0.015849 	   3.259390 	   0.129339 
   0.016406 	   3.238694 	   0.130315 
   0.016982 	   3.217792 	   0.131470 
   0.017579 	   3.196650 	   0.132794 
   0.018197 	   3.175234 	   0.134219 
   0.018836 	   3.153512 	   0.135610 
   0.019498 	   3.131450 	   0.136781 
   0.020184 	   3.109018 	   0.137515 
   0.020893 	   3.086307 	   0.137802 
   0.021627 	   3.063334 	   0.137743 
   0.022387 	   3.040049 	   0.137390 
   0.023174 	   3.016404 	   0.136776 
   0.023988 	   2.992351 	   0.135916 
   0.024831 	   2.967840 	   0.134806 
   0.025704 	   2.942824 	   0.133434 
   0.026607 	   2.917329 	   0.131746 
   0.027542 	   2.891402 	   0.129758 
   0.028510 	   2.865039 	   0.127546 
   0.029512 	   2.838237 	   0.125173 
   0.030549 	   2.810995 	   0.122672 
   0.031623 	   2.783309 	   0.120045 
   0.032734 	   2.755176 	   0.117270 
   0.033884 	   2.726702 	   0.114302 
   0.035075 	   2.697980 	   0.111286 
   0.036308 	   2.668881 	   0.108516 
   0.037584 	   2.639273 	   0.106178 
   0.038905 	   2.609027 	   0.104292 
   0.040272 	   2.578012 	   0.102707 
   0.041687 	   2.546097 	   0.101134 
   0.043152 	   2.513266 	   0.099270 
   0.044668 	   2.479739 	   0.097241 
   0.046238 	   2.445486 	   0.095455 
   0.047863 	   2.410463 	   0.094218 
   0.049545 	   2.374625 	   0.093628 
   0.051286 	   2.337928 	   0.093526 
   0.053088 	   2.300327 	   0.093529 
   0.054954 	   2.261794 	   0.093208 
   0.056885 	   2.222386 	   0.092654 
   0.058884 	   2.182115 	   0.091949 
   0.060954 	   2.140983 	   0.091105 
   0.063096 	   2.098991 	   0.090047 
   0.065313 	   2.056141 	   0.088612 
   0.067608 	   2.012436 	   0.086562 
   0.069984 	   1.967825 	   0.083601 
   0.072444 	   1.921929 	   0.079431 
   0.074989 	   1.874898 	   0.074596 
   0.077625 	   1.827016 	   0.069807 
   0.080353 	   1.778564 	   0.065656 
   0.083176 	   1.729824 	   0.062446 
   0.086099 	   1.681078 	   0.060085 
   0.089125 	   1.632574 	   0.058087 
   0.092257 	   1.583824 	   0.055545 
   0.095499 	   1.534715 	   0.052880 
   0.098855 	   1.485437 	   0.050738 
   0.102329 	   1.436027 	   0.049153 
   0.105925 	   1.386304 	   0.048025 
   0.109648 	   1.336682 	   0.047864 
   0.113501 	   1.287592 	   0.048683 
   0.117490 	   1.238996 	   0.050414 
   0.121619 	   1.190773 	   0.052711 
   0.125893 	   1.142796 	   0.054744 
   0.130317 	   1.094704 	   0.057206 
   0.134896 	   1.047679 	   0.060467 
   0.139637 	   1.003021 	   0.061746 
   0.144544 	   0.960416 	   0.060646 
   0.149624 	   0.918876 	   0.058252 
   0.154882 	   0.878247 	   0.054256 
   0.160325 	   0.838824 	   0.050252 
   0.165959 	   0.800951 	   0.046698 
   0.171791 	   0.764132 	   0.043556 
   0.177828 	   0.727149 	   0.040458 
   0.184077 	   0.690904 	   0.039870 
   0.190546 	   0.657213 	   0.036543 
   0.197242 	   0.624967 	   0.034000 
   0.204174 	   0.592871 	   0.033025 
   0.211349 	   0.561351 	   0.032437 
   0.218776 	   0.530443 	   0.032091 
   0.226464 	   0.500544 	   0.032575 
   0.234423 	   0.471692 	   0.033751 
   0.242661 	   0.443919 	   0.035459 
   0.251189 	   0.417102 	   0.037294 
   0.260016 	   0.391002 	   0.038374 
   0.269153 	   0.365256 	   0.037585 
   0.278612 	   0.340022 	   0.036472 
   0.288403 	   0.316137 	   0.034584 
   0.298538 	   0.293638 	   0.031895 
   0.309030 	   0.272147 	   0.029322 
   0.319890 	   0.251457 	   0.026933 
   0.331131 	   0.232154 	   0.025281 
   0.342768 	   0.213366 	   0.024029 
   0.354813 	   0.196802 	   0.025288 
   0.367282 	   0.182148 	   0.025919 
   0.380189 	   0.167840 	   0.023327 
   0.393550 	   0.155551 	   0.022934 
   0.407380 	   0.141933 	   0.020594 
   0.421697 	   0.129215 	   0.020132 
   0.436516 	   0.118769 	   0.021632 
   0.451856 	   0.110439 	   0.024953 
   0.467735 	   0.100153 	   0.024569 
   0.484172 	   0.088503 	   0.021657 
   0.501187 	   0.078124 	   0.018791 
   0.518800 	   0.069532 	   0.017799 
   0.537032 	   0.060917 	   0.017586 
   0.555904 	   0.051460 	   0.016399 
   0.575440 	   0.043961 	   0.017376 
   0.595662 	   0.036246 	   0.015891 
   0.616595 	   0.028386 	   0.013647 
   0.638263 	   0.020862 	   0.012631 
   0.660693 	   0.014983 	   0.012284 
   0.683912 	   0.010088 	   0.012041 
   0.707946 	   0.006026 	   0.010962 
   0.732825 	   0.002791 	   0.009999 
   0.758578 	   0.000146 	   0.009828 
   0.785236 	  -0.001883 	   0.010739 
   0.812831 	  -0.002863 	   0.010357 
   0.841395 	  -0.003095 	   0.009462 
   0.870964 	  -0.003022 	   0.008674 
   0.901571 	  -0.002454 	   0.007039 
   0.933254 	  -0.001643 	   0.005051 
   0.966051 	  -0.000712 	   0.002974 
 